479
665
154
269
501
998
992
904
763
254
591
869
843
683
708
410
88
352
566
497
252
486
565
115
585
414
864
23
389
308
546
586
973
418
573
193
416
566
815
179
538
406
766
381
807
194
510
894
264
76
111
515
281
675
630
865
807
213
887
914
520
433
501
493
570
792
404
985
77
219
883
334
343
649
714
151
561
942
763
825
737
592
340
18
267
688
601
75
900
488
988
421
639
208
632
209
719
37
913
795
973
515
129
317
882
562
186
444
223
667
269
678
260
327
414
245
16
15
38
915
221
745
55
860
952
687
787
390
442
419
904
134
933
751
169
816
32
354
978
255
740
247
651
999
292
66
244
307
80
282
941
301
745
714
879
416
120
385
806
561
804
710
414
456
461
582
272
212
936
968
466
395
933
117
394
226
900
356
532
980
356
192
999
101
906
597
517
26
981
323
306
785
751
719
960
930
301
232
142
955
201
326
350
134
162
462
78
62
818
329
760
892
520
478
993
145
75
229
889
57
270
195
560
21
632
520
669
651
471
530
607
390
574
675
242
454
856
320
516
393
648
994
285
886
473
996
32
266
225
920
322
494
833
601
233
465
121
621
116
310
151
441
699
443
835
660
897
691
979
132
802
346
126
87
232
317
84
981
583
27
901
623
521
453
224
472
917
345
93
752
373
961
911
73
405
746
732
21
156
430
152
957
775
277
763
725
313
565
707
895
591
327
518
830
499
742
303
135
805
114
886
178
794
517
968
917
981
419
937
138
848
89
813
342
84
295
786
396
859
212
10
170
257
528
999
755
988
21
890
793
135
495
689
928
12
377
845
993
795
501
849
363
589
381
423
391
676
209
787
254
420
515
423
396
43
423
151
749
443
41
261
296
536
950
942
266
327
506
977
840
7
826
203
314
926
345
705
602
553
211
574
692
725
997
88
487
139
238
236
300
997
497
596
252
166
538
236
211
45
214
51
769
40
972
84
965
317
788
286
588
717
860
280
442
576
86
647
714
43
883
14
40
99
328
10
264
585
245
474
348
458
243
117
217
215
200
900
531
706
187
120
423
765
118
584
60
204
231
773
246
832
505
4
930
833
13
912
137
975
386
484
434
629
600
369
562
519
269
94
225
174
931
367
938
49
669
997
970
618
489
